trialnr	timestamp	angle	event	targ_ang	cue_dir
0	0.0	90	0	28	43691.5677758
0	66.6356612428	90	0	28	43717.1472507
0	99.9587702149	90	0	28	43750.4551111
0	133.281292703	90	0	28	43783.7764607
0	166.60352195	90	0	28	43817.2388595
0	199.923991747	90	0	28	43850.4868985
0	233.26938709	90	0	28	43884.2838861
0	266.572848867	90	0	28	43917.1477786
0	299.885987621	91	0	28	43984.3564341
0	366.540709575	92	0	28	44017.2989154
0	416.522293995	93	0	28	44067.2526418
0	449.843350275	94	0	28	44100.577217
0	483.167925456	95	0	28	44133.9170407
0	516.489861461	96	0	28	44167.2290065
0	566.475844507	97	0	28	44217.2237868
0	599.797487271	98	0	28	44250.5776862
0	633.118836793	99	0	28	44284.0040162
0	666.439893073	99	0	28	44317.1702409
0	716.423236943	98	0	28	44367.1676604
0	749.74546619	97	0	28	44400.4793329
0	783.069161645	96	0	28	44433.8083067
0	816.392270618	95	0	28	44467.1490102
0	849.720364699	94	0	28	44500.4483666
0	883.041127738	93	0	28	44533.7832052
0	916.359544842	92	0	28	44567.1142317
0	949.695263208	91	0	28	44600.630587
0	983.005176303	90	0	28	44633.7994508
0	1016.32799203	89	0	28	44667.09001
0	1049.65696584	88	0	28	44700.3961109
0	1082.97215729	87	0	28	44733.9142256
0	1116.29174736	86	0	28	44767.0270803
0	1166.28242227	85	0	28	44816.9937094
0	1199.59995965	84	0	28	44850.3238562
0	1232.93421181	83	0	28	44884.1762664
0	1266.25057622	82	0	28	44917.1551096
0	1299.5716325	81	0	28	44950.30286
0	1349.55556285	80	0	28	45000.3102497
0	1382.87691238	79	0	28	45033.6034481
0	1416.19679569	78	0	28	45066.9130679
0	1449.5222506	77	0	28	45100.2634484
0	1499.50383502	76	0	28	45150.2177613
0	1532.83016965	75	0	28	45183.710364
0	1566.14800027	74	0	28	45216.9349437
0	1599.46993627	73	0	28	45250.2381123
0	1649.44712207	72	0	28	45300.181282
0	1682.76876483	71	0	28	45333.5961757
0	1716.10331023	70	0	28	45366.8852686
0	1749.42378003	69	0	28	45400.1899033
0	1782.74454307	68	0	28	45433.4663869
0	1816.06941149	67	0	28	45466.7839243
0	1849.39545288	66	0	28	45500.2498419
0	1882.71592267	65	0	28	45533.5052121
0	1916.03316681	64	0	28	45566.7488525
0	1966.02266876	63	0	28	45617.101681
0	1999.33903317	62	0	28	45650.1570603
0	2032.66595428	61	0	28	45683.374309
0	2065.98642408	60	0	28	45716.6991774
0	2115.96742202	59	0	28	45766.674897
0	2149.29023775	58	0	28	45800.0006451
0	2182.6159859	57	0	28	45833.3439878
0	2215.94056108	56	0	28	45866.6448104
0	2249.2619106	55	0	28	45900.1605792
0	2299.25229227	54	0	28	45950.4503606
0	2332.5680702	53	0	28	45983.3330205
0	2365.88795351	52	0	28	46016.6335499
0	2399.21370166	51	0	28	46049.9314401
0	2449.18854152	50	0	28	46100.1443922
0	2482.5201545	49	0	28	46133.2598861
0	2515.84267699	48	0	28	46166.5495655
0	2549.16607921	47	0	28	46199.9530227
0	2582.4956395	46	0	28	46233.501048
0	2615.81083094	45	0	28	46266.7775316
0	2649.13364667	44	0	28	46299.9117929
0	2682.45440971	43	0	28	46333.1815319
0	2715.77370654	42	0	28	46366.4879261
0	2765.76115579	41	0	28	46416.478601
0	2799.08133235	40	0	28	46449.792033
0	2832.40414808	39	0	28	46483.123646
0	2865.72843002	38	0	28	46516.6024663
0	2915.70590906	37	0	28	46566.486108
0	2949.02931127	36	0	28	46599.7417713
0	2982.35857832	35	0	28	46633.2736684
0	3015.68286026	34	0	28	46666.4316823
0	3065.65770012	33	0	28	46716.4085749
0	3098.98550096	32	0	28	46749.7404811
0	3132.30479779	31	0	28	46783.0553793
0	3165.62614731	30	0	28	46816.3550289
0	3198.9557076	29	0	28	46849.8822341
0	3248.92996098	28	0	28	46899.7136788
0	3282.26743879	28	0	28	46933.4936584
0	3315.5732465	28	0	28	46966.3255875
0	3348.90222031	28	0	28	46999.4818419
0	3382.20920099	28	0	28	47032.6987974
0	3415.54550584	28	0	28	47066.0333428
0	3448.86832157	28	0	28	47099.3491207
0	3482.1785279	28	0	28	47132.7170956
0	3532.14251782	28	0	28	47182.6385655
0	3565.49700366	28	0	28	47215.9866
0	3598.81659373	28	0	28	47249.3624925
0	3632.11448391	28	0	28	47282.6187424
0	3665.46339816	28	0	28	47315.9500621
0	3715.44850148	28	0	28	47365.9938138
0	3748.73700793	28	0	28	47399.263846
0	3782.06304932	28	0	28	47432.7933971
0	3815.41665543	28	0	28	47465.9578623
1	0.0	90	0	66	55019.7161068
1	66.6535489872	90	0	66	55047.2990092
1	99.959356698	90	0	66	55080.1945717
1	133.280999461	90	0	66	55113.4625513
1	166.605574642	90	0	66	55146.7569226
1	199.928097131	90	0	66	55180.0597979
1	233.25061962	90	0	66	55213.3899446
1	266.574608317	90	0	66	55246.7444305
1	299.89449163	90	0	66	55280.0478922
1	333.215841152	90	0	66	55313.3522337
1	383.200651231	90	0	66	55363.3534654
1	416.525812895	90	0	66	55396.8012021
1	449.846575934	90	0	66	55430.0424966
1	483.167338972	90	0	66	55463.3057843
1	516.494553328	90	0	66	55496.6253743
1	566.473498573	90	0	66	55546.6213276
1	599.794261611	90	0	66	55579.9385717
1	633.120889484	90	0	66	55613.2552294
1	666.443411973	90	0	66	55646.580391
1	716.418251834	89	0	66	55723.8833062
1	766.417430757	88	0	66	55747.0335668
1	799.73907352	87	0	66	55780.1297067
1	833.056317658	86	0	66	55814.4084904
1	866.37942663	85	0	66	55846.8644836
1	899.70224236	84	0	66	55880.0793864
1	933.024178366	83	0	66	55913.3913522
1	966.34934003	82	0	66	55946.7258976
1	999.670689552	81	0	66	55980.0290661
1	1032.99174583	81	0	66	56013.2850227
1	1066.33538172	81	0	66	56046.9040126
1	1099.63767053	82	0	66	56080.2142189
1	1149.62453331	83	0	66	56130.0295353
1	1182.94529634	84	0	66	56163.3177485
1	1216.26605938	85	0	66	56196.6241427
1	1249.59415346	86	0	66	56229.9906515
1	1299.5751514	87	0	66	56335.842114
1	1382.8883488	88	0	66	56363.667234
1	1416.20441997	89	0	66	56396.5988653
1	1449.5257695	90	0	66	56429.9231472
1	1482.84653253	91	0	66	56463.2471359
1	1532.82019943	92	0	66	56513.2169907
1	1566.15415834	93	0	66	56546.5978683
1	1599.47609435	94	0	66	56579.8679005
1	1632.76078866	95	0	66	56613.2520037
1	1666.12113933	96	0	66	56646.5836167
1	1699.44454154	97	0	66	56679.8366409
1	1732.76413161	98	0	66	56713.1521256
1	1766.09457163	99	0	66	56746.495175
1	1799.41445494	100	0	66	56780.0153424
1	1832.7185032	101	0	66	56813.1399267
1	1866.05598102	102	0	66	56846.5527677
1	1899.3699995	103	0	66	56879.8239729
1	1932.70131924	104	0	66	56913.1245022
1	1982.68349014	105	0	66	56963.0928908
1	2016.00923829	106	0	66	56996.549718
1	2049.33029457	107	0	66	57029.7646207
1	2082.67510343	107	0	66	57063.4780344
1	2132.63469472	107	0	66	57112.8212316
1	2165.95692396	107	0	66	57146.1106178
1	2199.27944645	107	0	66	57179.4108539
1	2232.6051946	107	0	66	57212.7448128
1	2282.58648578	107	0	66	57262.7463377
1	2315.9113542	107	0	66	57296.1022897
1	2349.23270372	107	0	66	57329.3594193
1	2382.55317352	107	0	66	57362.683408
1	2415.87217711	107	0	66	57396.0578343
1	2449.189128	107	0	66	57429.5433992
1	2482.52044774	107	0	66	57462.6585998
1	2515.8441432	107	0	66	57496.1124946
1	2549.16431976	107	0	66	57529.3197731
1	2582.48713549	107	0	66	57562.6329118
1	2615.80965797	107	0	66	57595.9340277
1	2649.13833854	107	0	66	57629.2621217
1	2682.4564624	107	0	66	57662.5943212
1	2715.77370654	107	0	66	57695.8992492
1	2749.10209386	107	0	66	57729.2422986
2	0.0	90	0	153	65268.0721938
2	83.31114471	90	0	153	65293.5208829
2	116.631321265	90	0	153	65326.8000056
2	149.948272161	90	0	153	65360.0929107
2	183.272847342	90	0	153	65393.4268696
2	216.595956314	90	0	153	65426.7271057
2	249.917599077	90	0	153	65460.0581322
2	283.24422695	91	0	153	65517.9399418
2	349.886632752	92	0	153	65560.255308
2	383.207102549	93	0	153	65593.6895556
2	416.53519663	94	0	153	65626.9839268
2	449.855079944	95	0	153	65660.2152512
2	483.175842982	96	0	153	65693.5421723
2	516.497778987	97	0	153	65726.8570705
2	549.823527135	98	0	153	65760.1778335
2	583.143410448	99	0	153	65793.5771853
2	616.46651942	100	0	153	65826.8472175
2	666.451329499	101	0	153	65876.8358398
2	699.777370889	102	0	153	65910.3281492
2	733.094908268	103	0	153	65943.499359
2	766.416844273	104	0	153	65976.7893316
2	816.401361111	105	0	153	66027.4049046
2	849.723590358	106	0	153	66060.1796516
2	883.042007462	107	0	153	66093.4133219
2	916.375379895	108	0	153	66126.746401
2	966.344648163	109	0	153	66176.7039396
2	999.692389439	110	0	153	66210.579516
2	1033.00406198	111	0	153	66243.4903271
2	1066.32482502	112	0	153	66277.0151864
2	1099.64353537	113	0	153	66310.103702
2	1132.96429841	114	0	153	66343.3590721
2	1166.28975331	115	0	153	66376.713558
2	1199.61403525	116	0	153	66410.0055833
2	1232.93509153	117	0	153	66443.3143235
2	1266.25908023	118	0	153	66476.8620556
2	1299.58394865	119	0	153	66510.1666903
2	1332.90119279	120	0	153	66543.3059367
2	1366.22430176	121	0	153	66576.5923905
2	1416.20588618	122	0	153	66626.5989005
2	1449.52547625	123	0	153	66659.8759705
2	1482.85503654	124	0	153	66693.258021
2	1516.17609282	125	0	153	66726.5444748
2	1549.4992018	126	0	153	66759.8538014
2	1599.48225242	127	0	153	66809.8433034
2	1632.79803035	128	0	153	66843.3435303
2	1666.12553795	129	0	153	66876.4965591
2	1699.45363203	130	0	153	66910.1407678
2	1749.41498277	131	0	153	66959.9540314
2	1782.75920515	132	0	153	66993.2648242
2	1816.08114116	133	0	153	67026.5278187
2	1849.40014474	134	0	153	67059.7629551
2	1882.72413344	135	0	153	67093.0752142
2	1916.08037873	136	0	153	67127.0109051
2	1949.37445677	137	0	153	67160.6296017
2	1982.70577651	138	0	153	67193.7450955
2	2016.02272741	139	0	153	67226.7256982
2	2049.33909182	140	0	153	67259.7649492
2	2082.65428326	141	0	153	67293.1390822
2	2115.98355031	142	0	153	67326.5610136
2	2149.30050121	143	0	153	67359.780315
2	2199.28736398	144	0	153	67409.6941606
2	2232.61281889	145	0	153	67443.0143372
2	2265.93211572	146	0	153	67476.3271827
2	2299.2566909	147	0	153	67509.6491187
2	2349.23798207	148	0	153	67559.6336355
2	2382.5593316	149	0	153	67592.9145177
2	2415.88507974	150	0	153	67626.2411456
2	2449.20437657	151	0	153	67659.5583897
2	2482.52689906	152	0	153	67692.9618469
2	2532.50203217	153	0	153	67742.88361
2	2565.83423163	154	0	153	67776.3600844
2	2599.15294198	154	0	153	67809.5169253
2	2632.47605095	154	0	153	67842.6145314
2	2665.80385179	154	0	153	67875.9484903
2	2699.12197565	154	0	153	67909.2689601
2	2732.45417512	154	0	153	67942.7507129
2	2765.76848684	154	0	153	67975.9169375
2	2799.08690394	154	0	153	68009.2239182
2	2832.39505759	154	0	153	68042.6625644
2	2865.72667057	154	0	153	68075.9284912
2	2899.05359168	154	0	153	68109.2287274
2	2932.3769939	154	0	153	68142.535708
2	2982.36708233	154	0	153	68192.658635
2	3015.70954525	154	0	153	68226.4304038
2	3049.00772868	154	0	153	68259.1866765
2	3082.32995793	154	0	153	68292.4772356
2	3132.31594097	154	0	153	68342.4626322
2	3165.63846346	154	0	153	68375.7789966
3	0.0	90	0	3	75944.6808299
3	83.3044001506	90	0	3	75973.3211618
3	116.627802364	90	0	3	76006.6425114
3	149.948858645	90	0	3	76040.1052034
3	183.269035199	90	0	3	76073.2910752
3	216.591264446	90	0	3	76106.6056802
3	249.914373419	90	0	3	76139.9094352
3	283.238362116	90	0	3	76173.239582
3	316.564989989	91	0	3	76229.8199848
3	366.550679793	92	0	3	76256.8436752
3	399.875254974	93	0	3	76290.3544589
3	433.215078724	94	0	3	76324.0015999
3	483.177602432	95	0	3	76373.6922886
3	516.498072229	96	0	3	76406.7520665
3	549.822354168	97	0	3	76440.066085
3	583.139598305	98	0	3	76473.3721859
3	633.126167835	99	0	3	76523.4185767
3	666.451915983	100	0	3	76556.7246777
3	699.773265505	101	0	3	76590.0161166
3	733.09696096	102	0	3	76623.3330675
3	766.415671306	103	0	3	76656.840039
3	799.741712696	104	0	3	76690.0059704
3	833.063355459	105	0	3	76723.3023944
3	866.385584706	106	0	3	76756.6076156
3	899.706347745	107	0	3	76789.9245665
3	933.01303518	108	0	3	76823.4107179
3	966.354031897	109	0	3	76856.6182896
3	999.67890032	110	0	3	76889.9161798
3	1032.99819715	111	0	3	76923.2222807
3	1082.98007481	112	0	3	76973.2009327
3	1116.30347703	113	0	3	77006.5448619
3	1149.62834545	114	0	3	77039.8917234
3	1182.94910849	115	0	3	77073.5634968
3	1216.27163097	116	0	3	77106.5285576
3	1266.25380188	117	0	3	77156.5121948
3	1299.58042975	118	0	3	77189.817416
3	1332.90764411	119	0	3	77223.2276177
3	1366.22254231	120	0	3	77256.4806419
3	1416.2017808	121	0	3	77306.5123707
3	1449.55245449	122	0	3	77340.4017294
3	1482.84917171	123	0	3	77373.3084352
3	1516.15585915	124	0	3	77406.4107331
3	1549.46020065	125	0	3	77439.675487
3	1582.80471626	126	0	3	77473.0358377
3	1616.13075765	127	0	3	77506.8322388
3	1649.45797201	128	0	3	77539.872956
3	1682.77990802	129	0	3	77573.0039916
3	1716.11064127	130	0	3	77606.3863354
3	1749.4264192	131	0	3	77639.6974215
3	1782.76331053	132	0	3	77673.0460425
3	1816.07938171	133	0	3	77706.3275111
3	1866.0600864	134	0	3	77756.319359
3	1899.3714657	135	0	3	77789.5756089
3	1932.6989733	136	0	3	77822.9512081
3	1966.01504447	137	0	3	77856.2361956
3	2015.99956131	138	0	3	77906.2333219
3	2049.3361594	139	0	3	77939.7080368
3	2082.65780217	140	0	3	77972.94288
3	2115.98032465	141	0	3	78006.2134987
3	2149.28994451	142	0	3	78039.5263442
3	2199.28208563	143	0	3	78089.7416423
3	2232.59199872	144	0	3	78122.8632942
3	2265.93299544	145	0	3	78156.2013585
3	2299.24730716	146	0	3	78189.5045271
3	2332.55223515	147	0	3	78222.8434711
3	2365.89000621	148	0	3	78256.1299248
3	2399.22161919	149	0	3	78289.5131484
3	2432.53681063	150	0	3	78322.8638221
3	2465.89100323	151	0	3	78357.6675085
3	2499.19827715	152	0	3	78389.6868648
3	2532.51053617	153	0	3	78422.8340287
3	2565.83599108	154	0	3	78456.1260541
3	2599.16173923	155	0	3	78489.5913853
3	2649.13775206	156	0	3	78539.4251759
3	2682.46232724	157	0	3	78572.7306903
3	2715.78484973	158	0	3	78606.0628898
3	2765.77963002	159	0	3	78656.0553242
3	2799.08954312	160	0	3	78689.4024789
3	2849.06819512	161	0	3	78739.3130989
3	2882.3927703	162	0	3	78772.7288722
3	2915.71353334	163	0	3	78806.0121003
3	2949.0442666	164	0	3	78839.5096881
3	2982.36356343	165	0	3	78872.713741
3	3032.34954647	166	0	3	78922.6199623
3	3065.67353517	167	0	3	78955.9468834
3	3098.99517793	168	0	3	78989.2711653
3	3132.3203396	169	0	3	79022.5775595
3	3165.64110264	170	0	3	79055.9203157
3	3198.96597106	171	0	3	79089.4938531
3	3232.28409492	172	0	3	79122.5952713
3	3265.60632417	173	0	3	79155.8928682
3	3298.93588446	174	0	3	79189.248527
3	3332.23172195	175	0	3	79222.6804287
3	3365.57916999	176	0	3	79256.1522112
3	3398.90081275	177	0	3	79289.2586146
3	3432.21835013	178	0	3	79322.4817281
3	3465.53881992	179	0	3	79355.8194992
3	3498.88245582	180	0	3	79389.7073917
3	3532.18826353	1	0	3	79422.5202601
3	3565.5078536	2	0	3	79455.7809086
3	3598.83096257	3	0	3	79489.1095891
3	3632.15553775	4	0	3	79522.4189157
3	3665.47718052	5	0	3	79555.7575665
3	3698.79706383	6	0	3	79589.0712918
3	3732.12310522	7	0	3	79622.3900021
3	3765.44240205	8	0	3	79655.7040206
3	3798.76697723	9	0	3	79689.2546851
3	3832.0900862	10	0	3	79722.3863073
3	3865.40967627	11	0	3	79755.6525273
3	3898.73542442	12	0	3	79788.9647864
3	3932.06615768	13	0	3	79822.3204452
3	3965.38017616	13	0	3	79855.5549951
3	3998.69742029	13	0	3	79888.7179941
3	4032.02082251	13	0	3	79922.0308396
3	4065.34275851	13	0	3	79955.3557081
3	4098.66498776	13	0	3	79988.6770576
3	4131.97284816	13	0	3	80021.9811058
3	4165.30915301	13	0	3	80055.3130121
3	4198.6422322	13	0	3	80088.9721761
3	4231.94422777	13	0	3	80122.0442701
3	4265.27906641	13	0	3	80155.2893768
3	4298.60217538	13	0	3	80188.6025155
3	4331.90387771	13	0	3	80221.9476176
3	4365.24692712	13	0	3	80255.248147
3	4398.57032933	13	0	3	80288.5938356
3	4431.86235468	13	0	3	80321.9269148
3	4465.20481761	13	0	3	80355.2286171
3	4498.54933323	13	0	3	80389.0678315
3	4531.83314781	13	0	3	80421.9724845
3	4565.16476079	13	0	3	80455.1885603
3	4598.50663723	13	0	3	80488.6887873
3	4631.8121517	13	0	3	80522.1975182
3	4665.15080249	13	0	3	80555.2247463
3	4698.47097904	13	0	3	80588.5015231
3	4731.77297461	13	0	3	80621.7829917
3	4765.11690374	13	0	3	80655.1257479
3	4798.44118568	13	0	3	80688.4638122
3	4831.73321103	13	0	3	80721.733258
3	4865.08388473	13	0	3	80755.0927289
0	0.0	90	0	49	0
0	83.2932569656	90	0	49	0
0	116.614020004	90	0	49	0
0	149.938301943	90	0	49	0
0	183.259064981	90	0	49	0
0	216.578655053	90	0	49	0
0	249.898831608	89	0	49	0
0	316.544169827	88	0	49	0
0	349.880181434	87	0	49	0
0	383.195666122	86	0	49	0
0	416.527279104	85	0	49	0
0	449.841884066	84	0	49	0
0	483.165872763	83	0	49	0
0	516.48458311	82	0	49	0
0	549.810038016	81	0	49	0
0	583.131387538	80	0	49	0
0	616.451857335	79	0	49	0
0	649.803117512	78	0	49	0
0	699.761829077	77	0	49	0
0	733.084058325	76	0	49	0
0	766.402768671	75	0	49	0
0	799.72529116	74	0	49	0
0	833.05837035	73	0	49	0
0	866.374734763	72	0	49	0
0	899.694911318	71	0	49	0
0	933.020072982	70	0	49	0
0	966.343181954	69	0	49	0
0	999.663358509	68	0	49	0
0	1032.98500127	67	0	49	0
0	1066.30576431	66	0	49	0
0	1099.63209894	65	0	49	0
0	1132.96371192	64	0	49	0
0	1166.2671737	63	0	49	0
0	1199.59732047	62	0	49	0
0	1232.91749703	61	0	49	0
0	1266.23855331	60	0	49	0
0	1299.5610758	59	0	49	0
0	1332.88623746	58	0	49	0
0	1366.22606121	57	0	49	0
0	1399.53216217	56	0	49	0
0	1432.85439141	55	0	49	0
0	1466.18013956	54	0	49	0
0	1499.50148908	53	0	49	0
0	1532.82195888	52	0	49	0
0	1566.1433084	51	0	49	0
0	1599.47492138	50	0	49	0
0	1632.7892331	49	0	49	0
0	1666.141373	48	0	49	0
0	1699.43838346	47	0	49	0
0	1732.75826678	46	0	49	0
0	1766.08137575	45	0	49	0
0	1799.403605	44	0	49	0
0	1832.72818018	43	0	49	0
0	1866.04571756	42	0	49	0
0	1899.37175895	41	0	49	0
0	1932.69516116	40	0	49	0
0	1966.01797689	39	0	49	0
0	1999.33668724	38	0	49	0
0	2032.66126242	37	0	49	0
0	2065.98055925	36	0	49	0
0	2099.30601415	35	0	49	0
0	2132.62736368	34	0	49	0
0	2165.95252534	34	0	49	0
0	2199.27006272	34	0	49	0
0	2232.591119	34	0	49	0
0	2265.91569418	34	0	49	0
0	2299.23880315	34	0	49	0
0	2332.55897971	34	0	49	0
0	2365.88238192	34	0	49	0
0	2399.2069571	34	0	49	0
0	2432.52625393	34	0	49	0
0	2465.85200208	34	0	49	0
0	2499.17481781	34	0	49	0
0	2532.49587409	34	0	49	0
0	2565.81663713	34	0	49	0
0	2599.14003934	34	0	49	0
0	2632.45874969	34	0	49	0
0	2665.78479108	34	0	49	0
0	2699.11141895	34	0	49	0
0	2732.43540765	34	0	49	0
0	2765.75353151	34	0	49	0
0	2799.07546752	34	0	49	0
0	2832.40092242	34	0	49	0
0	2865.72109898	34	0	49	0
0	2899.04684712	34	0	49	0
0	2932.36585071	34	0	49	0
0	2965.68749348	34	0	49	0
0	2999.0123619	34	0	49	0
0	3032.33341818	34	0	49	0
1	0.0	90	0	135	1
1	83.2979488332	90	0	135	1
1	116.613140279	90	0	135	1
1	149.935076284	90	0	135	1
1	183.263170366	90	0	135	1
1	216.583640162	90	0	135	1
1	249.904109959	91	0	135	1
1	316.57378724	92	0	135	1
1	349.877542259	93	0	135	1
1	383.197718814	94	0	135	1
1	416.526985862	95	0	135	1
1	449.843350275	96	0	135	1
1	483.168511939	97	0	135	1
1	516.490447944	98	0	135	1
1	549.811210983	99	0	135	1
1	583.136372647	100	0	135	1
1	616.457722169	101	0	135	1
1	649.786109492	102	0	135	1
1	683.104819838	103	0	135	1
1	716.424996393	104	0	135	1
1	749.749278332	105	0	135	1
1	783.06300357	106	0	135	1
1	816.39256386	107	0	135	1
1	849.712153931	108	0	135	1
1	883.036142629	109	0	135	1
1	916.359838084	110	0	135	1
1	949.68529299	111	0	135	1
1	983.006056028	112	0	135	1
1	1016.33297714	113	0	135	1
1	1049.65256721	114	0	135	1
1	1082.97391674	115	0	135	1
1	1116.29702571	116	0	135	1
1	1149.62189413	117	0	135	1
1	1182.94089772	118	0	135	1
1	1216.26605938	119	0	135	1
1	1249.5859427	120	0	135	1
1	1282.9078787	121	0	135	1
1	1316.25415377	122	0	135	1
1	1349.5558561	123	0	135	1
1	1382.87720562	124	0	135	1
1	1416.20324701	125	0	135	1
1	1449.52049114	126	0	135	1
1	1482.84447984	127	0	135	1
1	1516.16700233	128	0	135	1
1	1549.49069779	129	0	135	1
1	1582.80970137	130	0	135	1
1	1616.13691573	131	0	135	1
1	1649.45738553	132	0	135	1
1	1682.78489313	133	0	135	1
1	1716.09979133	134	0	135	1
1	1749.42202058	135	0	135	1
1	1782.75128762	136	0	135	1
1	1816.06911825	137	0	135	1
1	1849.39486639	138	0	135	1
1	1882.71533619	139	0	135	1
1	1916.03375329	140	0	135	1
1	1949.36067441	141	0	135	1
1	1982.68231717	142	0	135	1
1	2016.0212612	143	0	135	1
1	2049.3256027	143	0	135	1
1	2082.64460629	143	0	135	1
1	2115.96771526	143	0	135	1
1	2149.29229044	143	0	135	1
1	2182.6159859	143	0	135	1
1	2215.93469624	143	0	135	1
1	2249.25721873	143	0	135	1
1	2282.58472633	143	0	135	1
1	2315.93012167	143	0	135	1
1	2349.23153076	143	0	135	1
1	2382.54936138	143	0	135	1
1	2415.87217711	143	0	135	1
1	2449.19352663	143	0	135	1
1	2482.52484637	143	0	135	1
1	2515.83798512	143	0	135	1
1	2549.16197382	143	0	135	1
1	2582.48332334	143	0	135	1
1	2615.80584583	143	0	135	1
1	2649.12954129	143	0	135	1
1	2682.45265026	143	0	135	1
1	2715.77722544	143	0	135	1
1	2749.09593579	143	0	135	1
1	2782.41845828	143	0	135	1
2	0.0	90	0	129	-1
2	83.3126109182	90	0	129	-1
2	116.619884838	90	0	129	-1
2	149.951204578	90	0	129	-1
2	183.261997398	90	0	129	-1
2	216.584226645	90	0	129	-1
2	266.569329966	90	0	129	-1
2	299.891852454	91	0	129	-1
2	349.882527368	92	0	129	-1
2	399.865871238	93	0	129	-1
2	433.183115376	94	0	129	-1
2	466.508570282	95	0	129	-1
2	499.829919804	96	0	129	-1
2	549.806812357	97	0	129	-1
2	583.134906438	98	0	129	-1
2	616.45801541	99	0	129	-1
2	649.7875757	100	0	129	-1
2	683.10511308	101	0	129	-1
2	733.085817775	102	0	129	-1
2	766.402182187	103	0	129	-1
2	799.734088411	104	0	129	-1
2	833.052212274	105	0	129	-1
2	883.042887187	106	0	129	-1
2	916.3592516	107	0	129	-1
2	949.680894364	108	0	129	-1
2	983.006935753	109	0	129	-1
2	1032.99086611	110	0	129	-1
2	1066.31162915	111	0	129	-1
2	1099.65262586	112	0	129	-1
2	1132.95667412	113	0	129	-1
2	1166.28066282	114	0	129	-1
2	1216.26605938	115	0	129	-1
2	1249.56922792	116	0	129	-1
2	1282.91169084	117	0	129	-1
2	1316.23098767	118	0	129	-1
2	1366.20406808	119	0	129	-1
2	1399.53656079	120	0	129	-1
2	1432.85820355	121	0	129	-1
2	1466.17925983	122	0	129	-1
2	1516.17814552	123	0	129	-1
2	1549.49040454	124	0	129	-1
2	1582.81585945	125	0	129	-1
2	1616.13134414	126	0	129	-1
2	1649.45357338	127	0	129	-1
2	1699.43867671	128	0	129	-1
2	1732.76354513	129	0	129	-1
2	1766.08489465	130	0	129	-1
2	1799.41504142	130	0	129	-1
2	1849.39017453	130	0	129	-1
2	1882.71269701	130	0	129	-1
2	1916.0317006	130	0	129	-1
2	1949.35510282	130	0	129	-1
2	1999.33932641	130	0	129	-1
2	2032.66096918	130	0	129	-1
2	2065.94918238	130	0	129	-1
2	2099.31363844	130	0	129	-1
2	2132.63205554	130	0	129	-1
2	2182.61481293	130	0	129	-1
2	2215.93323003	130	0	129	-1
2	2249.25927142	130	0	129	-1
2	2282.57856825	130	0	129	-1
2	2332.56425806	130	0	129	-1
2	2365.88707379	130	0	129	-1
2	2399.21311518	130	0	129	-1
2	2432.5344647	130	0	129	-1
3	0.0	90	0	34	1
3	66.6297964085	90	0	34	1
3	116.624283464	90	0	34	1
3	149.953550512	90	0	34	1
3	183.271087892	90	0	34	1
3	216.587159063	89	0	34	1
3	299.884814654	88	0	34	1
3	333.219066811	87	0	34	1
3	366.510505678	86	0	34	1
3	399.845051077	85	0	34	1
3	449.838365166	84	0	34	1
3	483.17027139	83	0	34	1
3	516.501884371	82	0	34	1
3	549.802413731	81	0	34	1
3	599.807164247	80	0	34	1
3	633.106813882	79	0	34	1
3	666.450743016	78	0	34	1
3	699.778837097	77	0	34	1
3	733.096667719	76	0	34	1
3	783.08177104	75	0	34	1
3	816.402240836	74	0	34	1
3	849.729748434	73	0	34	1
3	883.049338506	72	0	34	1
3	933.030629684	71	0	34	1
3	966.353738656	70	0	34	1
3	999.678020595	69	0	34	1
3	1032.98324182	68	0	34	1
3	1082.97596943	67	0	34	1
3	1116.30875538	66	0	34	1
3	1149.62981166	65	0	34	1
3	1182.9520409	64	0	34	1
3	1216.26605938	63	0	34	1
3	1266.2567343	62	0	34	1
3	1299.5786703	61	0	34	1
3	1332.90177927	60	0	34	1
3	1366.22195583	59	0	34	1
3	1416.24019546	58	0	34	1
3	1449.53515323	57	0	34	1
3	1482.85327709	56	0	34	1
3	1516.17726579	55	0	34	1
3	1566.16002318	54	0	34	1
3	1599.47990649	53	0	34	1
3	1632.80506816	52	0	34	1
3	1666.12817713	51	0	34	1
3	1699.44952665	50	0	34	1
3	1749.43521645	49	0	34	1
3	1782.75568625	48	0	34	1
3	1816.07820874	47	0	34	1
3	1849.40014474	46	0	34	1
3	1899.37615757	45	0	34	1
3	1932.70689083	44	0	34	1
3	1966.02941332	43	0	34	1
3	1999.35105608	42	0	34	1
3	2049.33146753	41	0	34	1
3	2082.65604271	40	0	34	1
3	2115.98149762	39	0	34	1
3	2149.30196742	39	0	34	1
3	2182.62331694	39	0	34	1
3	2232.60460812	39	0	34	1
3	2265.92742385	39	0	34	1
3	2299.25023958	39	0	34	1
3	2332.575108	39	0	34	1
3	2382.55522621	39	0	34	1
3	2415.89856886	39	0	34	1
3	2449.20554954	39	0	34	1
3	2482.52191395	39	0	34	1
3	2532.50848348	39	0	34	1
3	2565.83452487	39	0	34	1
3	2599.15294198	39	0	34	1
3	2649.11575893	39	0	34	1
3	2682.4599813	39	0	34	1
3	2732.44097924	39	0	34	1
3	2765.76790035	39	0	34	1
3	2799.08573098	39	0	34	1
4	0.0	90	0	106	1
4	83.2821137801	90	0	106	1
4	116.606102477	90	0	106	1
4	166.587393656	90	0	106	1
4	199.912848562	90	0	106	1
4	233.238889951	90	0	106	1
4	266.557307056	90	0	106	1
4	316.539771201	90	0	106	1
4	349.864346382	90	0	106	1
4	383.190974254	90	0	106	1
4	416.508218392	90	0	106	1
4	449.832207089	90	0	106	1
4	499.812618543	90	0	106	1
4	533.153908501	90	0	106	1
4	566.461182421	90	0	106	1
4	599.781358976	90	0	106	1
4	633.084820753	90	0	106	1
4	666.426110712	90	0	106	1
4	699.746580508	90	0	106	1
4	733.070569206	90	0	106	1
4	783.044529341	90	0	106	1
4	816.375555839	90	0	106	1
4	849.700424262	90	0	106	1
4	883.024412959	90	0	106	1
4	916.345762481	90	0	106	1
4	966.328519868	90	0	106	1
4	999.61731956	90	0	106	1
4	1032.97268512	90	0	106	1
4	1066.29960623	90	0	106	1
4	1116.27855148	90	0	106	1
4	1149.60136721	90	0	106	1
4	1182.92359646	90	0	106	1
4	1216.24611895	90	0	106	1
4	1266.22682364	90	0	106	1
4	1299.51620982	90	0	106	1
4	1332.87744021	90	0	106	1
4	1366.19761677	90	0	106	1
4	1399.49521371	90	0	106	1
4	1432.83034559	90	0	106	1
4	1466.16870313	90	0	106	1
4	1499.46952573	90	0	106	1
4	1532.83662096	90	0	106	1
4	1582.79855819	90	0	106	1
4	1616.11814826	90	0	106	1
4	1649.44682883	90	0	106	1
4	1682.76319324	90	0	106	1
4	1732.75152222	90	0	106	1
4	1766.06671366	90	0	106	1
4	1799.39275505	90	0	106	1
4	1832.7149843	90	0	106	1
4	1866.03809327	90	0	106	1
4	1916.01967769	90	0	106	1
4	1949.34395963	90	0	106	1
4	1982.66237674	90	0	106	1
4	2015.98929785	90	0	106	1
4	2065.9682431	90	0	106	1
4	2099.29487097	90	0	106	1
4	2132.61387456	90	0	106	1
4	2165.93639704	90	0	106	1
4	2215.91504905	90	0	106	1
4	2249.25106066	90	0	106	1
4	2282.56918452	90	0	106	1
4	2315.88789486	90	0	106	1
4	2349.21159032	90	0	106	1
4	2399.19933282	90	0	106	1
4	2432.52449448	90	0	106	1
4	2465.84203186	90	0	106	1
4	2499.16396787	90	0	106	1
4	2549.17575618	90	0	106	1
4	2582.47364637	90	0	106	1
4	2615.79147699	90	0	106	1
4	2649.11663865	90	0	106	1
4	2699.10291494	90	0	106	1
4	2732.42133204	90	0	106	1
4	2765.74708019	90	0	106	1
4	2799.06784323	90	0	106	1
4	2849.05089386	90	0	106	1
4	2899.03277152	90	0	106	1
4	2932.3573467	90	0	106	1
4	2965.67957595	90	0	106	1
4	2998.99447415	90	0	106	1
4	3032.30585346	90	0	106	1
4	3065.64567721	90	0	106	1
4	3098.9696659	90	0	106	1
4	3132.29189515	90	0	106	1
4	3182.27406605	90	0	106	1
4	3215.60098717	90	0	106	1
4	3248.92145697	90	0	106	1
4	3282.2442727	90	0	106	1
4	3315.56562222	90	0	106	1
4	3365.55101878	90	0	106	1
4	3398.87295479	90	0	106	1
4	3432.19723672	90	0	106	1
4	3465.51741328	90	0	106	1
4	3515.5025166	90	0	106	1
4	3548.82533233	90	0	106	1
4	3582.16691553	90	0	106	1
4	3682.1183547	90	0	106	1
4	3732.09055539	90	0	106	1
4	3765.41952919	90	0	106	1
4	3798.74029223	90	0	106	1
4	3832.0654539	90	0	106	1
4	3865.38709666	90	0	106	1
4	3915.36985405	90	0	106	1
4	3948.6935495	90	0	106	1
4	3982.00786122	90	0	106	1
4	4015.33067695	90	0	106	1
4	4065.31372758	90	0	106	1
4	4098.6371298	90	0	106	1
4	4131.95349421	90	0	106	1
4	4165.28100181	90	0	106	1
4	4215.27167672	90	0	106	1
4	4248.59918432	90	0	106	1
4	4281.92463922	90	0	106	1
4	4315.24305633	90	0	106	1
4	4348.56352613	90	0	106	1
4	4398.55508076	90	0	106	1
4	4431.86909924	90	0	106	1
4	4465.19396767	90	0	106	1
4	4498.51942257	90	0	106	1
4	4548.48869084	90	0	106	1
4	4581.84728206	90	0	106	1
4	4615.14458576	90	0	106	1
4	4648.4653488	90	0	106	1
4	4698.44869267	90	0	106	1
4	4731.77033543	90	0	106	1
4	4765.09139171	90	0	106	1
4	4798.41626014	90	0	106	1
4	4831.73966235	90	0	106	1
4	4881.72241974	90	0	106	1
4	4915.04699492	90	0	106	1
4	4948.3680512	90	0	106	1
4	4981.69643852	90	0	106	1
5	0.0	90	0	9	-1
5	83.3032271839	90	0	9	-1
5	116.620471322	90	0	9	-1
5	149.941820844	90	0	9	-1
5	183.285749978	90	0	9	-1
5	216.589504997	90	0	9	-1
5	266.569329966	90	0	9	-1
5	299.893905147	90	0	9	-1
5	333.215254669	90	0	9	-1
5	366.536897433	90	0	9	-1
5	399.86088613	90	0	9	-1
5	433.186341036	90	0	9	-1
5	466.50475814	90	0	9	-1
5	499.826694146	90	0	9	-1
5	533.143058558	90	0	9	-1
5	583.140478031	90	0	9	-1
5	616.456549202	90	0	9	-1
5	649.781417625	90	0	9	-1
5	683.101300938	90	0	9	-1
5	716.424703151	90	0	9	-1
5	749.74722564	90	0	9	-1
5	783.070921096	90	0	9	-1
5	816.394616551	90	0	9	-1
5	849.715086348	90	0	9	-1
5	883.033503453	90	0	9	-1
5	916.368048852	90	0	9	-1
5	949.680601122	90	0	9	-1
5	983.007228995	90	0	9	-1
5	1016.32799203	90	0	9	-1
5	1049.64758211	90	0	9	-1
5	1082.97245053	90	0	9	-1
5	1116.29438653	90	0	9	-1
5	1149.61778875	90	0	9	-1
5	1182.94060448	90	0	9	-1
5	1216.2795485	90	0	9	-1
5	1249.5803711	90	0	9	-1
5	1282.90963815	90	0	9	-1
5	1316.22864174	90	0	9	-1
5	1349.55321692	90	0	9	-1
5	1382.87691238	90	0	9	-1
5	1416.20090107	90	0	9	-1
5	1449.52166411	90	0	9	-1
5	1482.84213391	90	0	9	-1
5	1516.16964151	90	0	9	-1
5	1549.49304372	90	0	9	-1
5	1582.80823517	90	0	9	-1
5	1616.13281035	90	0	9	-1
5	1649.45885174	90	0	9	-1
5	1682.76583241	90	0	9	-1
5	1716.09392649	90	0	9	-1
5	1749.41322333	90	0	9	-1
5	1782.73486609	90	0	9	-1
5	1816.05738858	90	0	9	-1
5	1849.3928137	90	0	9	-1
5	1882.72354696	90	0	9	-1
5	1916.03961813	90	0	9	-1
5	1949.35598254	90	0	9	-1
5	1982.68583607	90	0	9	-1
5	2016.00425318	90	0	9	-1
5	2049.32442973	90	0	9	-1
5	2082.64783195	90	0	9	-1
5	2115.97006119	90	0	9	-1
5	2149.29668907	90	0	9	-1
5	2182.62126425	90	0	9	-1
5	2215.94965157	90	0	9	-1
5	2249.26279032	90	0	9	-1
5	2282.58179391	90	0	9	-1
5	2315.90490288	90	0	9	-1
5	2349.22390647	90	0	9	-1
5	2382.55053435	90	0	9	-1
5	2415.8636731	90	0	9	-1
5	2449.1982185	90	0	9	-1
5	2482.51780857	90	0	9	-1
5	2515.83534595	90	0	9	-1
5	2549.16314679	90	0	9	-1
5	2582.48713549	90	0	9	-1
5	2615.80848501	90	0	9	-1
5	2649.1289548	90	0	9	-1
5	2682.45352999	90	0	9	-1
5	2715.77165385	90	0	9	-1
5	2765.74942613	90	0	9	-1
5	2799.08338504	90	0	9	-1
5	2832.40326835	90	0	9	-1
5	2865.73165568	90	0	9	-1
5	2899.05095251	90	0	9	-1
5	2932.3664372	90	0	9	-1
5	2965.69805018	90	0	9	-1
5	2999.01676052	90	0	9	-1
5	3032.3433884	90	0	9	-1
5	3065.66473792	90	0	9	-1
5	3098.98374151	90	0	9	-1
5	3132.30714372	90	0	9	-1
5	3165.62995945	90	0	9	-1
5	3198.95101573	90	0	9	-1
5	3232.28409492	90	0	9	-1
5	3265.59782016	90	0	9	-1
5	3298.92298182	90	0	9	-1
5	3332.24110569	90	0	9	-1
5	3365.56392142	90	0	9	-1
5	3398.89025605	90	0	9	-1
5	3432.2104326	90	0	9	-1
5	3465.53266185	90	0	9	-1
5	3498.85723703	90	0	9	-1
5	3532.17594738	90	0	9	-1
5	3565.49934959	90	0	9	-1
5	3598.82099235	90	0	9	-1
5	3632.14849995	90	0	9	-1
5	3665.46574409	90	0	9	-1
5	3698.78826658	90	0	9	-1
5	3732.11166879	90	0	9	-1
5	3765.43067238	90	0	9	-1
5	3798.75583404	90	0	9	-1
5	3832.07864977	90	0	9	-1
5	3865.40586413	90	0	9	-1
5	3898.72134882	90	0	9	-1
5	3932.05354828	90	0	9	-1
5	3965.37372484	90	0	9	-1
5	3998.69272843	90	0	9	-1
5	4032.01143877	90	0	9	-1
5	4065.33190857	90	0	9	-1
5	4098.66146886	90	0	9	-1
5	4131.94528344	90	0	9	-1
5	4165.30211521	90	0	9	-1
5	4198.62493094	90	0	9	-1
5	4231.96739387	90	0	9	-1
5	4265.27202861	90	0	9	-1
5	4298.59836324	90	0	9	-1
5	4331.89038859	90	0	9	-1
5	4365.24135553	90	0	9	-1
5	4398.56153208	90	0	9	-1
5	4431.88229512	90	0	9	-1
5	4465.20862975	90	0	9	-1
5	4498.530859	90	0	9	-1
5	4548.50569886	90	0	9	-1
5	4581.84288343	90	0	9	-1
5	4615.15250329	90	0	9	-1
5	4648.46828122	90	0	9	-1
5	4681.79520233	90	0	9	-1
5	4715.1218302	90	0	9	-1
5	4748.43790137	90	0	9	-1
5	4781.76423601	90	0	9	-1
5	4815.08382608	90	0	9	-1
5	4848.40282967	90	0	9	-1
5	4881.74587907	90	0	9	-1
5	4915.05520569	90	0	9	-1
5	4948.38007411	90	0	9	-1
5	4981.70142363	90	0	9	-1
6	0.0	90	0	1	0
6	99.9658080159	90	0	1	0
6	133.294781822	90	0	1	0
6	166.617597552	90	0	1	0
6	199.942759217	90	0	1	0
6	233.269387089	90	0	1	0
6	266.585458261	90	0	1	0
6	299.910033441	90	0	1	0
6	333.234901864	90	0	1	0
6	366.553025727	90	0	1	0
6	399.874082007	90	0	1	0
6	433.197484221	90	0	1	0
6	466.523818852	90	0	1	0
6	499.844875132	90	0	1	0
6	533.166811137	90	0	1	0
6	566.499303844	90	0	1	0
6	599.808337214	90	0	1	0
6	633.136431295	90	0	1	0
6	666.455728125	90	0	1	0
6	699.779716822	90	0	1	0
6	733.10546497	90	0	1	0
6	766.42652125	90	0	1	0
6	799.74757753	90	0	1	0
6	833.068927052	90	0	1	0
6	866.39643465	90	0	1	0
6	899.713385546	90	0	1	0
6	933.037081002	90	0	1	0
6	966.363708874	90	0	1	0
6	999.678020595	90	0	1	0
6	1033.00494171	90	0	1	0
6	1066.32805068	90	0	1	0
6	1099.64793399	90	0	1	0
6	1132.96195247	90	0	1	0
6	1166.28770062	90	0	1	0
6	1199.60670421	90	0	1	0
6	1232.9397834	90	0	1	0
6	1266.26465182	90	0	1	0
6	1299.58248244	90	0	1	0
6	1332.90735087	90	0	1	0
6	1382.89098798	90	0	1	0
6	1416.22172124	90	0	1	0
6	1449.53427351	90	0	1	0
6	1482.85445006	90	0	1	0
6	1516.18137117	90	0	1	0
6	1549.50477339	90	0	1	0
6	1582.82641615	90	0	1	0
6	1616.14600622	90	0	1	0
6	1649.47234085	90	0	1	0
6	1682.798089	90	0	1	0
6	1716.11328045	90	0	1	0
6	1749.4355097	90	0	1	0
6	1782.75422004	90	0	1	0
6	1832.7416693	90	0	1	0
6	1866.08823761	90	0	1	0
6	1899.38993993	90	0	1	0
6	1932.71216918	90	0	1	0
6	1982.6937536	90	0	1	0
6	2016.02155444	90	0	1	0
6	2049.34231748	90	0	1	0
6	2082.66542645	90	0	1	0
6	2115.98472328	90	0	1	0
6	2149.30783225	90	0	1	0
6	2182.63035474	90	0	1	0
6	2215.9540502	90	0	1	0
6	2249.27921186	90	0	1	0
6	2282.5999749	90	0	1	0
6	2315.91927173	90	0	1	0
6	2349.24296718	90	0	1	0
6	2382.56666264	90	0	1	0
6	2415.88801216	90	0	1	0
6	2449.21346707	90	0	1	0
6	2482.53510983	90	0	1	0
6	2515.85030128	90	0	1	0
6	2549.18074129	90	0	1	0
6	2582.50385026	90	0	1	0
6	2615.82930517	90	0	1	0
6	2649.14830876	90	0	1	0
6	2682.46731235	90	0	1	0
6	2715.79188753	90	0	1	0
6	2749.11587622	90	0	1	0
6	2782.43487981	90	0	1	0
6	2815.76209417	90	0	1	0
6	2849.08109776	90	0	1	0
6	2882.42180123	90	0	1	0
6	2915.72467652	90	0	1	0
6	2949.05042467	90	0	1	0
6	2999.03552799	90	0	1	0
6	3032.35541131	90	0	1	0
6	3065.67470814	90	0	1	0
6	3099.0033887	90	0	1	0
6	3132.32209905	90	0	1	0
6	3165.64432829	90	0	1	0
6	3198.9662643	90	0	1	0
6	3232.29083948	90	0	1	0
6	3265.61248224	90	0	1	0
6	3298.93647094	90	0	1	0
6	3332.2566475	90	0	1	0
6	3365.58151592	90	0	1	0
6	3398.90403841	90	0	1	0
6	3432.2245082	90	0	1	0
6	3465.54732393	90	0	1	0
6	3498.87013967	90	0	1	0
6	3532.17887979	90	0	1	0
6	3548.8546565	90	0	1	0
6	3582.17717899	90	0	1	0
6	3615.50087445	90	0	1	0
6	3648.82310369	90	0	1	0
6	3682.14122756	90	0	1	0
6	3715.46404329	90	0	1	0
6	3748.78832523	90	0	1	0
6	3782.10703557	90	0	1	0
6	3815.43659586	90	0	1	0
6	3848.75823863	90	0	1	0
6	3882.07753546	90	0	1	0
6	3915.40797547	90	0	1	0
6	3948.7272723	90	0	1	0
6	3982.0442232	90	0	1	0
6	4015.36997134	90	0	1	0
6	4048.68868169	90	0	1	0
6	4082.01618929	90	0	1	0
6	4115.3360726	90	0	1	0
6	4148.66035454	90	0	1	0
6	4181.98141082	90	0	1	0
6	4215.30539952	90	0	1	0
6	4248.62674904	90	0	1	0
6	4281.94985801	90	0	1	0
6	4315.27501968	90	0	1	0
6	4348.59460975	90	0	1	0
6	4381.916839	90	0	1	0
6	4415.23994797	90	0	1	0
6	4448.56892177	90	0	1	0
6	4481.88440646	90	0	1	0
6	4515.20135736	90	0	1	0
6	4548.53033116	90	0	1	0
6	4581.84962799	90	0	1	0
6	4615.17684235	90	0	1	0
6	4648.50288374	90	0	1	0
6	4681.82511299	90	0	1	0
6	4715.14323685	90	0	1	0
6	4748.46370665	90	0	1	0
6	4781.78007106	90	0	1	0
6	4815.10728541	90	0	1	0
6	4848.4318606	90	0	1	0
6	4881.75496957	90	0	1	0
6	4915.07837178	90	0	1	0
6	4948.40265372	90	0	1	0
6	4981.72048434	90	0	1	0
7	0.0	90	0	88	0
7	83.2970691076	90	0	88	0
7	133.280999461	90	0	88	0
7	166.604108434	90	0	88	0
7	199.922232297	90	0	88	0
7	233.247393961	90	0	88	0
7	266.568156999	90	0	88	0
7	299.892438938	90	0	88	0
7	333.21378846	90	0	88	0
7	366.536310949	90	0	88	0
7	399.858246954	90	0	88	0
7	433.184288343	90	0	88	0
7	466.507104074	90	0	88	0
7	499.819949586	90	0	88	0
7	533.146284217	90	0	88	0
7	566.46792698	90	0	88	0
7	599.788690019	90	0	88	0
7	633.123235418	90	0	88	0
7	666.443998456	90	0	88	0
7	699.764761495	90	0	88	0
7	733.083471841	90	0	88	0
7	766.405701088	90	0	88	0
7	799.731155994	90	0	88	0
7	833.04986634	90	0	88	0
7	883.050804714	90	0	88	0
7	916.359544842	90	0	88	0
7	949.680894364	90	0	88	0
7	983.005176303	90	0	88	0
7	1016.32388665	90	0	88	0
7	1049.64816859	90	0	88	0
7	1082.97274377	90	0	88	0
7	1116.29292032	90	0	88	0
7	1149.61544281	90	0	88	0
7	1182.94060448	90	0	88	0
7	1216.25667565	90	0	88	0
7	1249.58916835	90	0	88	0
7	1282.91081112	90	0	88	0
7	1316.23010795	90	0	88	0
7	1349.54031428	90	0	88	0
7	1382.87955155	90	0	88	0
7	1416.19591596	90	0	88	0
7	1466.17867335	90	0	88	0
7	1499.50735392	90	0	88	0
7	1532.82606426	90	0	88	0
7	1566.15533131	90	0	88	0
7	1616.13339683	90	0	88	0
7	1649.45152069	90	0	88	0
7	1682.77785532	90	0	88	0
7	1716.09920485	90	0	88	0
7	1749.42612596	90	0	88	0
7	1782.74161065	90	0	88	0
7	1816.06589259	90	0	88	0
7	1866.0671242	90	0	88	0
7	1899.37557109	90	0	88	0
7	1932.69252198	90	0	88	0
7	1966.00829991	90	0	88	0
7	1999.33903317	90	0	88	0
7	2032.66566104	90	0	88	0
7	2065.98319842	90	0	88	0
7	2099.30894657	90	0	88	0
7	2132.62912313	90	0	88	0
7	2165.95457803	90	0	88	0
7	2199.27035596	90	0	88	0
7	2232.60402163	90	0	88	0
7	2282.56830479	90	0	88	0
7	2315.90636909	90	0	88	0
7	2349.2283051	90	0	88	0
7	2382.54760193	90	0	88	0
7	2415.87217711	90	0	88	0
7	2449.19294015	90	0	88	0
7	2482.51546264	90	0	88	0
7	2515.83681216	90	0	88	0
7	2549.15845492	90	0	88	0
7	2582.48596252	90	0	88	0
7	2615.80613907	90	0	88	0
7	2649.12836832	90	0	88	0
7	2682.42303285	90	0	88	0
7	2715.77605247	90	0	88	0
7	2749.09358985	90	0	88	0
7	2782.41640558	90	0	88	0
7	2815.73834159	90	0	88	0
7	2849.06379649	90	0	88	0
7	2882.40772563	90	0	88	0
7	2915.71353334	90	0	88	0
7	2949.02989775	90	0	88	0
7	2982.35359321	90	0	88	0
7	3032.32696686	90	0	88	0
7	3065.65857984	90	0	88	0
7	3098.98374151	90	0	88	0
7	3132.30831669	90	0	88	0
7	3165.62790676	90	0	88	0
7	3198.94837656	90	0	88	0
7	3232.26796663	90	0	88	0
7	3265.60045933	90	0	88	0
7	3298.91711699	90	0	88	0
7	3332.23084223	90	0	88	0
7	3365.5680268	90	0	88	0
7	3398.88878984	90	0	88	0
7	3432.20544749	90	0	88	0
7	3465.52914295	90	0	88	0
7	3498.85166544	90	0	88	0
7	3532.17565413	90	0	88	0
7	3565.50169552	90	0	88	0
7	3598.8212856	90	0	88	0
7	3632.14586078	90	0	88	0
7	3665.46457112	90	0	88	0
7	3698.78621389	90	0	88	0
7	3732.11166879	90	0	88	0
7	3765.43389804	90	0	88	0
7	3798.75583404	90	0	88	0
7	3832.07923626	90	0	88	0
7	3865.40234523	90	0	88	0
7	3898.72780014	90	0	88	0
7	3932.045924	90	0	88	0
7	3965.36815325	90	0	88	0
7	3998.70357837	90	0	88	0
7	4032.01407795	90	0	88	0
7	4065.33366802	90	0	88	0
7	4098.65501754	90	0	88	0
7	4131.98252514	90	0	88	0
7	4165.30035576	90	0	88	0
7	4198.62346473	90	0	88	0
7	4231.92135492	90	0	88	0
7	4265.27349482	90	0	88	0
7	4298.58692682	90	0	88	0
7	4331.91443441	90	0	88	0
7	4365.22845289	90	0	88	0
7	4398.56153208	90	0	88	0
7	4431.88464105	90	0	88	0
7	4465.20540409	90	0	88	0
7	4498.52264823	90	0	88	0
7	4531.85543418	90	0	88	0
7	4565.1767837	90	0	88	0
7	4615.15484922	90	0	88	0
7	4648.47385281	90	0	88	0
7	4681.80224013	90	0	88	0
7	4715.12681531	90	0	88	0
7	4748.44757835	90	0	88	0
7	4781.76306304	90	0	88	0
7	4815.09291657	90	0	88	0
7	4848.41133367	90	0	88	0
7	4881.74060072	90	0	88	0
7	4915.07895826	90	0	88	0
7	4948.3821268	90	0	88	0
7	4981.7061155	90	0	88	0
8	0.0	90	0	42	-1
8	83.3413486071	90	0	42	-1
8	116.654487361	90	0	42	-1
8	149.989912485	90	0	42	-1
8	183.311555249	90	0	42	-1
8	216.631731803	90	0	42	-1
8	249.947802974	90	0	42	-1
8	283.266513321	90	0	42	-1
8	316.593141194	90	0	42	-1
8	349.9185961	90	0	42	-1
8	383.262525233	90	0	42	-1
8	416.56598701	90	0	42	-1
8	449.883817632	90	0	42	-1
8	483.201648253	90	0	42	-1
8	516.529449093	90	0	42	-1
8	549.854903998	90	0	42	-1
8	583.172148136	90	0	42	-1
8	616.49555035	90	0	42	-1
8	649.818659323	90	0	42	-1
8	683.140888569	90	0	42	-1
8	716.469275892	90	0	42	-1
8	766.459071081	90	0	42	-1
8	799.776021977	90	0	42	-1
8	833.102356608	90	0	42	-1
8	866.428984481	90	0	42	-1
8	899.747401585	90	0	42	-1
8	933.066111932	90	0	42	-1
8	966.393326288	90	0	42	-1
8	999.714382568	90	0	42	-1
8	1033.03514561	90	0	42	-1
8	1066.36235996	90	0	42	-1
8	1099.68165679	90	0	42	-1
8	1133.00329956	90	0	42	-1
8	1166.32846122	90	0	42	-1
8	1199.65098371	90	0	42	-1
8	1232.97086702	90	0	42	-1
8	1266.29602869	90	0	42	-1
8	1299.61796469	90	0	42	-1
8	1332.93872773	90	0	42	-1
8	1366.26447588	90	0	42	-1
8	1399.60576584	90	0	42	-1
8	1432.90834789	90	0	42	-1
8	1466.22999065	90	0	42	-1
8	1499.55104693	90	0	42	-1
8	1532.87679508	90	0	42	-1
8	1566.20195674	90	0	42	-1
8	1599.51832116	90	0	42	-1
8	1649.50811634	90	0	42	-1
8	1682.80454032	90	0	42	-1
8	1716.1502289	90	0	42	-1
8	1749.46630008	90	0	42	-1
8	1799.4443656	90	0	42	-1
8	1832.77891099	90	0	42	-1
8	1866.09850107	90	0	42	-1
8	1899.42014383	90	0	42	-1
8	1932.74706494	90	0	42	-1
8	1966.0672415	90	0	42	-1
8	1999.3891775	90	0	42	-1
8	2032.71639186	90	0	42	-1
8	2066.03392924	90	0	42	-1
8	2099.35439904	90	0	42	-1
8	2132.68102691	90	0	42	-1
8	2165.99856429	90	0	42	-1
8	2199.3219665	90	0	42	-1
8	2232.64624844	90	0	42	-1
8	2265.96847769	90	0	42	-1
8	2299.29217314	90	0	42	-1
8	2332.61352267	90	0	42	-1
8	2382.58689632	90	0	42	-1
8	2415.95105913	90	0	42	-1
8	2449.24660338	90	0	42	-1
8	2482.54126791	90	0	42	-1
8	2515.88549028	90	0	42	-1
8	2565.87323278	90	0	42	-1
8	2599.19575527	90	0	42	-1
8	2632.51886424	90	0	42	-1
8	2665.84226645	90	0	42	-1
8	2699.1644957	90	0	42	-1
8	2732.48232632	90	0	42	-1
8	2765.80954068	90	0	42	-1
8	2799.12854427	90	0	42	-1
8	2832.45634511	90	0	42	-1
8	2865.77182979	90	0	42	-1
8	2899.09523201	90	0	42	-1
8	2932.42185988	90	0	42	-1
8	2965.74057023	90	0	42	-1
8	2999.06338596	90	0	42	-1
8	3032.38620169	90	0	42	-1
8	3065.71282956	90	0	42	-1
8	3099.03271287	90	0	42	-1
8	3132.34614487	90	0	42	-1
8	3165.67834433	90	0	42	-1
8	3198.99793441	90	0	42	-1
8	3232.32221634	90	0	42	-1
8	3265.64855098	90	0	42	-1
8	3298.9663816	90	0	42	-1
8	3332.28685139	90	0	42	-1
8	3365.61377251	90	0	42	-1
8	3398.93541527	90	0	42	-1
8	3432.2723066	90	0	42	-1
8	3465.57987377	90	0	42	-1
8	3498.9006368	90	0	42	-1
8	3532.21993363	90	0	42	-1
8	3565.55301282	90	0	42	-1
8	3598.87172317	90	0	42	-1
8	3632.19629835	90	0	42	-1
8	3665.52820457	90	0	42	-1
8	3698.83782443	90	0	42	-1
8	3732.15917395	90	0	42	-1
8	3765.48228292	90	0	42	-1
8	3798.80656486	90	0	42	-1
8	3832.11442526	90	0	42	-1
8	3865.45542198	90	0	42	-1
8	3898.77237288	90	0	42	-1
8	3932.09782778	90	0	42	-1
8	3965.42240296	90	0	42	-1
8	3998.73994034	90	0	42	-1
8	4032.06334256	90	0	42	-1
8	4065.38000021	90	0	42	-1
8	4098.71102671	90	0	42	-1
8	4132.0174209	90	0	42	-1
8	4165.35812438	90	0	42	-1
8	4198.67272934	90	0	42	-1
8	4231.97501815	90	0	42	-1
8	4265.31953377	90	0	42	-1
8	4298.64352247	90	0	42	-1
8	4348.62158799	90	0	42	-1
8	4381.91977141	90	0	42	-1
8	4415.2689789	90	0	42	-1
8	4448.62287825	90	0	42	-1
8	4481.89760234	90	0	42	-1
8	4515.24006526	90	0	42	-1
8	4548.55818913	90	0	42	-1
8	4581.85490634	90	0	42	-1
8	4615.20411383	90	0	42	-1
8	4648.53279439	90	0	42	-1
8	4681.82130084	90	0	42	-1
8	4715.17344075	90	0	42	-1
8	4748.49479027	90	0	42	-1
8	4781.79033452	90	0	42	-1
8	4815.14570008	90	0	42	-1
8	4848.46235773	90	0	42	-1
8	4881.75614253	90	0	42	-1
8	4915.11121485	90	0	42	-1
8	4948.436963	90	0	42	-1
8	4981.74628961	90	0	42	-1
9	0.0	90	0	157	1
9	83.31114471	90	0	157	1
9	116.618125388	90	0	157	1
9	149.938595184	90	0	157	1
9	183.267275749	90	0	157	1
9	216.588332029	90	0	157	1
9	249.908215343	90	0	157	1
9	283.229564865	90	0	157	1
9	316.551794112	90	0	157	1
9	349.874023359	90	0	157	1
9	383.200064748	90	0	157	1
9	416.521414269	90	0	157	1
9	449.841297583	90	0	157	1
9	483.166459247	90	0	157	1
9	516.488102011	90	0	157	1
9	549.805932632	90	0	157	1
9	583.131680779	90	0	157	1
9	616.457428927	90	0	157	1
9	649.772913614	90	0	157	1
9	683.098075279	90	0	157	1
9	716.422650459	90	0	157	1
9	749.745759431	90	0	157	1
9	783.074146755	90	0	157	1
9	816.389044959	90	0	157	1
9	849.713620139	90	0	157	1
9	883.037902078	90	0	157	1
9	916.357785391	90	0	157	1
9	949.681480847	90	0	157	1
9	983.005176303	90	0	157	1
9	1016.32945824	90	0	157	1
9	1049.64699562	90	0	157	1
9	1082.98183426	90	0	157	1
9	1116.28705549	90	0	157	1
9	1149.61632254	90	0	157	1
9	1182.94031124	90	0	157	1
9	1216.25990131	90	0	157	1
9	1249.58682242	90	0	157	1
9	1282.90406656	90	0	157	1
9	1316.22864174	90	0	157	1
9	1349.55087099	90	0	157	1
9	1382.88043128	90	0	157	1
9	1416.1912241	90	0	157	1
9	1449.51697224	90	0	157	1
9	1482.8477055	90	0	157	1
9	1516.16348343	90	0	157	1
9	1549.48717889	90	0	157	1
9	1582.80852841	90	0	157	1
9	1616.13075765	90	0	157	1
9	1649.45269366	90	0	157	1
9	1682.77287021	90	0	157	1
9	1716.09979133	90	0	157	1
9	1749.41908816	90	0	157	1
9	1782.74249037	90	0	157	1
9	1816.06442638	90	0	157	1
9	1849.38812183	90	0	157	1
9	1882.71211053	90	0	157	1
9	1916.03287357	90	0	157	1
9	1949.35363661	90	0	157	1
9	1982.68202393	90	0	157	1
9	2015.99662889	90	0	157	1
9	2049.32442973	90	0	157	1
9	2082.64519277	90	0	157	1
9	2115.97563279	90	0	157	1
9	2149.29375665	90	0	157	1
9	2182.61715886	90	0	157	1
9	2215.90654504	90	0	157	1
9	2249.25721873	90	0	157	1
9	2282.58091419	90	0	157	1
9	2315.9043164	90	0	157	1
9	2349.22771861	90	0	157	1
9	2382.54701544	90	0	157	1
9	2415.87335008	90	0	157	1
9	2449.19704553	90	0	157	1
9	2482.51780857	90	0	157	1
9	2515.83563919	90	0	157	1
9	2549.16080085	90	0	157	1
9	2582.48185714	90	0	157	1
9	2615.79528913	90	0	157	1
9	2649.1274886	90	0	157	1
9	2682.45147729	90	0	157	1
9	2715.76608226	90	0	157	1
9	2749.10004117	90	0	157	1
9	2782.41904476	90	0	157	1
9	2815.71546874	90	0	157	1
9	2849.0637965	90	0	157	1
9	2882.38485277	90	0	157	1
9	2915.68596862	90	0	157	1
9	2949.01934105	90	0	157	1
9	2982.34450271	90	0	157	1
9	3015.65822795	90	0	157	1
9	3048.99248011	90	0	157	1
9	3082.32174716	90	0	157	1
9	3115.63312646	90	0	157	1
9	3148.96151378	90	0	157	1
9	3182.27905116	90	0	157	1
9	3215.58368591	90	0	157	1
9	3248.9273218	90	0	157	1
9	3282.24632539	90	0	157	1
9	3315.54890744	90	0	157	1
9	3348.89078388	90	0	157	1
9	3382.22327659	90	0	157	1
9	3415.5185276	90	0	157	1
9	3448.86040404	90	0	157	1
9	3482.1805806	90	0	157	1
9	3515.50398281	90	0	157	1
9	3548.83882145	90	0	157	1
9	3582.16163718	90	0	157	1
9	3615.47301648	90	0	157	1
9	3648.80462947	90	0	157	1
9	3682.12568575	90	0	157	1
9	3715.44087719	90	0	157	1
9	3748.77190369	90	0	157	1
9	3782.09237349	90	0	157	1
9	3815.42691889	90	0	157	1
9	3848.7362455	90	0	157	1
9	3882.06140716	90	0	157	1
9	3915.3856891	90	0	157	1
9	3948.70997104	90	0	157	1
9	3982.02780166	90	0	157	1
9	4015.35061739	90	0	157	1
9	4048.68105741	90	0	157	1
9	4081.99595561	90	0	157	1
9	4115.34076447	90	0	157	1
9	4148.64481273	90	0	157	1
9	4181.96821494	90	0	157	1
9	4215.28897798	90	0	157	1
9	4248.60622212	90	0	157	1
9	4281.93021082	90	0	157	1
9	4315.25331979	90	0	157	1
9	4348.58141387	90	0	157	1
9	4381.90100394	90	0	157	1
9	4415.22352643	90	0	157	1
9	4448.54282326	90	0	157	1
9	4481.86534575	90	0	157	1
9	4515.19138714	90	0	157	1
9	4548.51185694	90	0	157	1
9	4581.83437942	90	0	157	1
9	4615.15866136	90	0	157	1
9	4648.47971764	90	0	157	1
9	4681.80575903	90	0	157	1
9	4715.12446938	90	0	157	1
9	4748.4458189	90	0	157	1
9	4781.76658194	90	0	157	1
9	4815.09203685	90	0	157	1
9	4848.41661203	90	0	157	1
9	4881.73649534	90	0	157	1
9	4915.05872459	90	0	157	1
9	4948.38417949	90	0	157	1
9	4981.70582226	90	0	157	1
10	0.0	90	0	100	-1
10	83.2979488327	90	0	100	-1
10	116.618125388	90	0	100	-1
10	149.940941118	90	0	100	-1
10	183.263463607	90	0	100	-1
10	216.589504996	90	0	100	-1
10	249.911734243	90	0	100	-1
10	283.231910798	90	0	100	-1
10	316.57202779	90	0	100	-1
10	349.879594951	90	0	100	-1
10	383.202703923	90	0	100	-1
10	416.521414269	90	0	100	-1
10	449.844816484	90	0	100	-1
10	483.169098422	90	0	100	-1
10	516.491914153	90	0	100	-1
10	549.808865049	90	0	100	-1
10	583.135786163	90	0	100	-1
10	616.455669477	90	0	100	-1
10	649.776432515	89	0	100	-1
10	716.431447711	88	0	100	-1
10	749.750744541	87	0	100	-1
10	783.07502648	86	0	100	-1
10	816.394030068	85	0	100	-1
10	849.713326897	84	0	100	-1
10	883.038488562	83	0	100	-1
10	916.360131325	82	0	100	-1
10	949.684413265	81	0	100	-1
10	983.005762786	80	0	100	-1
10	1016.33678928	79	0	100	-1
10	1066.30400486	78	0	100	-1
10	1099.63473812	77	0	100	-1
10	1132.95784709	76	0	100	-1
10	1166.2797831	75	0	100	-1
10	1199.60230558	74	0	100	-1
10	1232.92336186	73	0	100	-1
10	1266.24852353	72	0	100	-1
10	1299.57104602	71	0	100	-1
10	1332.90793735	70	0	100	-1
10	1366.21873017	69	0	100	-1
10	1399.53480134	68	0	100	-1
10	1432.86348191	67	0	100	-1
10	1466.17984632	66	0	100	-1
10	1499.50354177	65	0	100	-1
10	1532.83427503	64	0	100	-1
10	1566.15562455	63	0	100	-1
10	1599.47140248	62	0	100	-1
10	1649.45445311	61	0	100	-1
10	1682.78430664	60	0	100	-1
10	1716.10125754	59	0	100	-1
10	1749.42202058	58	0	100	-1
10	1782.74161065	57	0	100	-1
10	1816.07263715	56	0	100	-1
10	1849.39721233	55	0	100	-1
10	1882.71562943	54	0	100	-1
10	1916.03580599	54	0	100	-1
10	1949.35392985	54	0	100	-1
10	1982.67762531	54	0	100	-1
10	2015.99868159	54	0	100	-1
10	2049.32677567	54	0	100	-1
10	2082.64929816	54	0	100	-1
10	2115.9644896	54	0	100	-1
10	2149.29023775	54	0	100	-1
10	2182.60366974	54	0	100	-1
10	2215.93616245	54	0	100	-1
10	2249.2583917	54	0	100	-1
10	2282.58326012	54	0	100	-1
10	2315.90666233	54	0	100	-1
10	2349.23827532	54	0	100	-1
10	2399.20754358	54	0	100	-1
10	2432.53622415	54	0	100	-1
10	2465.85141559	54	0	100	-1
10	2499.17775023	54	0	100	-1
10	2549.164613	54	0	100	-1
10	2582.48478955	54	0	100	-1
10	2615.80760528	54	0	100	-1
10	2649.12660887	54	0	100	-1
10	2682.44062735	54	0	100	-1
11	0.0	90	0	63	1
11	76.9343103366	90	0	63	1
11	110.256246342	90	0	63	1
11	143.587566082	90	0	63	1
11	176.90481022	90	0	63	1
11	210.211790898	90	0	63	1
11	243.542230913	90	0	63	1
11	276.845106207	90	0	63	1
11	310.174959738	90	0	63	1
11	343.505399753	90	0	63	1
11	376.817072298	90	0	63	1
11	410.129624569	90	0	63	1
11	443.552728966	90	0	63	1
11	476.800181576	90	0	63	1
11	510.099244727	90	0	63	1
11	530.65138369	90	0	63	1
11	560.102235792	90	0	63	1
11	579.835057399	90	0	63	1
11	610.082060762	90	0	63	1
11	646.020006123	90	0	63	1
11	676.731504365	90	0	63	1
11	710.057838996	90	0	63	1
11	743.384760111	90	0	63	1
11	777.831571342	90	0	63	1
11	809.996668774	90	0	63	1
11	843.335026316	90	0	63	1
11	876.81736554	90	0	63	1
11	910.243402355	90	0	63	1
11	943.311391033	90	0	63	1
11	976.628635171	90	0	63	1
11	1009.93239019	90	0	63	1
11	1043.28101119	90	0	63	1
11	1076.60851879	90	0	63	1
11	1109.91931161	90	0	63	1
11	1143.26030833	90	0	63	1
11	1176.5693417	90	0	63	1
11	1209.88042776	90	0	63	1
11	1243.20500294	90	0	63	1
11	1276.55509015	90	0	63	1
11	1297.59752926	90	0	63	1
11	1326.52259897	90	0	63	1
11	1346.85187423	90	0	63	1
11	1376.50506311	90	0	63	1
11	1396.01619398	90	0	63	1
11	1426.46172199	90	0	63	1
11	1462.64921605	90	0	63	1
11	1493.14195597	90	0	63	1
11	1526.44072588	90	0	63	1
11	1559.77556452	90	0	63	1
11	1593.97693243	90	0	63	1
11	1626.40213527	90	0	63	1
11	1659.72260507	90	0	63	1
11	1693.09497865	90	0	63	1
11	1726.36940949	90	0	63	1
11	1793.5727867	90	0	63	1
11	1822.14860552	90	0	63	1
11	1851.6126535	90	0	63	1
11	1875.13767699	90	0	63	1
11	1908.06608261	90	0	63	1
11	1934.86984173	90	0	63	1
11	1957.36588004	90	0	63	1
11	1984.94936889	90	0	63	1
11	2018.19682149	90	0	63	1
11	2039.8908437	90	0	63	1
11	2068.19424097	90	0	63	1
11	2089.38154149	90	0	63	1
11	2118.15823088	90	0	63	1
11	2138.7332427	90	0	63	1
11	2163.98370045	90	0	63	1
11	2188.37173431	90	0	63	1
11	2213.59492058	90	0	63	1
11	2246.23653581	90	0	63	1
11	2270.67324779	90	0	63	1
11	2295.47387275	90	0	63	1
11	2320.29531787	90	0	63	1
11	2353.22020459	90	0	63	1
11	2377.88241946	90	0	63	1
11	2402.51970878	90	0	63	1
11	2427.27341506	90	0	63	1
11	2459.56079429	90	0	63	1
11	2485.37486262	90	0	63	1
11	2509.91743486	90	0	63	1
11	2534.82773222	90	0	63	1
11	2559.23658624	90	0	63	1
11	2592.20721867	90	0	63	1
11	2618.12333512	90	0	63	1
11	2641.79849837	90	0	63	1
11	2668.09143042	90	0	63	1
11	2701.44063791	90	0	63	1
11	2724.17654794	90	0	63	1
11	2751.40286837	90	0	63	1
11	2773.74143588	90	0	63	1
11	2802.42164875	90	0	63	1
11	2823.18785416	90	0	63	1
11	2851.14610593	90	0	63	1
11	2872.64893454	90	0	63	1
11	2897.49735789	90	0	63	1
11	2930.70141073	90	0	63	1
11	2955.15659694	90	0	63	1
11	2980.1217305	90	0	63	1
11	3004.6021355	90	0	63	1
11	3037.37834867	90	0	63	1
11	3062.0880687	90	0	63	1
11	3086.83180476	90	0	63	1
11	3111.56645033	90	0	63	1
11	3140.66775831	90	0	63	1
11	3169.43242479	90	0	63	1
11	3194.18290542	90	0	63	1
11	3226.93126062	90	0	63	1
11	3251.70021547	90	0	63	1
11	3284.63741835	90	0	63	1
11	3309.39435029	90	0	63	1
11	3334.0990852	90	0	63	1
11	3358.8486861	90	0	63	1
11	3391.80289699	90	0	63	1
11	3417.4002597	90	0	63	1
11	3441.2733611	90	0	63	1
11	3467.50764481	90	0	63	1
11	3495.25007067	90	0	63	1
11	3523.79920449	90	0	63	1
11	3550.66307817	90	0	63	1
11	3573.25969838	90	0	63	1
11	3600.64378287	90	0	63	1
11	3633.97862151	90	0	63	1
11	3655.69610305	90	0	63	1
11	3683.94114521	90	0	63	1
11	3705.14867942	90	0	63	1
11	3738.07004724	90	0	63	1
11	3763.28707543	90	0	63	1
11	3787.54109783	90	0	63	1
11	3812.84961744	90	0	63	1
11	3841.46062526	90	0	63	1
11	3870.14758269	90	0	63	1
11	3894.76727751	90	0	63	1
11	3919.52890132	90	0	63	1
11	3944.25768205	90	0	63	1
11	3977.08814494	90	0	63	1
11	4001.94507231	90	0	63	1
11	4026.89407757	90	0	63	1
11	4051.56802211	90	0	63	1
11	4084.45918603	90	0	63	1
11	4109.06832415	90	0	63	1
11	4134.16043137	90	0	63	1
11	4158.72616971	90	0	63	1
11	4187.77997253	90	0	63	1
11	4217.43492087	90	0	63	1
11	4241.03149533	90	0	63	1
11	4267.41973095	90	0	63	1
11	4290.55474295	90	0	63	1
11	4323.51452544	90	0	63	1
11	4350.75022961	90	0	63	1
11	4373.10609837	90	0	63	1
11	4400.71392628	90	0	63	1
11	4433.95961944	90	0	63	1
11	4455.47828311	90	0	63	1
11	4483.92595529	90	0	63	1
11	4512.77830105	90	0	63	1
11	4542.41536164	90	0	63	1
11	4570.78180588	90	0	63	1
11	4595.83344574	90	0	63	1
11	4620.43554606	90	0	63	1
11	4644.98838176	90	0	63	1
11	4677.86664305	90	0	63	1
11	4702.65641806	90	0	63	1
11	4727.39106364	90	0	63	1
11	4752.10078366	90	0	63	1
11	4785.28460282	90	0	63	1
11	4809.92805021	90	0	63	1
11	4834.7134266	90	0	63	1
11	4859.37300229	90	0	63	1
11	4888.86490823	90	0	63	1
11	4917.0938221	90	0	63	1
11	4942.05367731	90	0	63	1
11	4966.91822896	90	0	63	1
11	4991.41740143	90	0	63	1
